39.6404 212.586
40.4532 204.538
45.6316 194.982
48.7814 196.794
47.639 189.091
51.9411 183.022
57.6112 176.327
61.9128 169.816
60.719 166.259
64.0698 157.464
65.6517 160.599
69.1294 152.02
70.5495 147.496
72.1184 143.665
73.6052 139.808
75.091 136.168
76.6775 132.977
78.2053 129.754
79.7706 126.735
81.1114 123.495
82.4091 120.821
82.8119 119.026
85.2084 115.152
86.6283 112.515
88.0089 109.841
89.4495 107.373
90.6645 104.701
92.1727 102.368
93.4268 99.8599
94.8198 97.4947
95.9527 94.9635
97.3859 92.7698
98.6108 90.3602
99.9427 88.1307
101.249 85.8558
102.482 83.5915
103.884 81.4374
105.22 79.2891
106.533 77.0905
107.78 74.9003
108.982 72.6906
110.369 70.5669
111.733 68.3864
113.018 66.2411
114.28 64.0405
115.702 61.9655
116.88 59.7138
117.998 57.4719
119.316 55.2816
120.807 53.1955
122.261 51.0725
123.46 48.7877
124.603 46.5096
125.952 44.2542
127.248 41.9987
128.743 39.7835
129.97 37.4217
131.395 35.0919
132.769 32.7571
134.101 30.3825
135.644 27.9825
137.136 25.5715
138.592 23.0758
139.997 20.5715
141.098 18.0672
142.664 15.4668
144.178 12.8517
145.894 10.2019
147.31 7.47853
148.927 4.67208
150.489 1.84687
152.246 -1.03799
153.697 -4.02471
155.59 -7.04831
157.421 -10.1886
159.44 -13.3798
161.642 -16.6773
163.776 -20.0638
166.327 -23.6533
168.313 -27.223
174.906 -28.7301
170.706 -31.0129
180.777 -39.3022
176.476 -39.0733
184.793 -43.0877
189.166 -49.3621
196.382 -52.3908
201.146 -58.5693
1062.48 -384.745
1028.95 -395.943
1024.44 -415.525
1015.28 -434.887
998.327 -474.841
996.309 -521.411
972.142 -532.646
971.19 -556.839
963.429 -576.03
956.272 -598.271
949.614 -620.744
935.633 -636.304
937.62 -664.563
924.98 -682.889
917.928 -705.545
910.944 -726.628
902.453 -749.73
894.578 -772.946
892.779 -800.342
650.274 -636.587
625.381 -635.351
656.141 -692.184
605.546 -664.466
641.118 -730.251
629.965 -745.793
784.199 -994.194
745.358 -984.089
717.118 -984.204
690.495 -987.848
676.527 -1008.32
636.187 -991.439
610.579 -993.939
586.696 -996.634
563.433 -1002.23
544.159 -1011.41
537.148 -1046.44
437.145 -899.391
412.275 -894.294
393.211 -896.291
375.124 -900.761
360.138 -915.727
351.27 -941.079
-132.091 110.164
-128.688 112.608
-125.96 114.539
-123.729 114.75
-123.237 116.374
-117.48 119.744
-115.861 120.964
-112.117 123.094
-111.983 123.216
-108.659 125.827
-104.275 128.84
-102.708 129.774
-101.465 130.749
-96.2544 134.323
-93.6729 136.136
-92.2843 137.382
-91.0572 137.899
-85.9867 141.702
-85.6515 142.196
-82.6141 144.271
-78.0868 147.053
-75.451 148.984
-72.8107 150.847
-70.2311 152.891
-68.5942 155.547
-67.5999 154.891
-66.4056 157.037
-61.1584 161.027
-59.404 160.617
-59.4769 162.721
-50.9458 166.636
-50.6701 168.026
-47.8166 169.899
-44.0896 174.001
-41.7305 172.782
-39.9872 176.271
-35.9454 180.71
-33.3069 179.435
-26.052 183.914
-26.5106 187.889
-22.749 186.115
-19.3419 190.521
-18.4649 192.868
-17.051 195.508
-10.9833 198.196
-10.1363 200.744
-3.15347 206.476
-1.60937 203.494
3.26029 209.725
7.06864 212.382
8.12695 215.847
12.0992 219.417
18.7147 225.224
31.5665 233.375
36.8134 222.221
40.7352 208.05
46.282 200.22
49.2749 185.311
51.6479 189.85
55.6992 179.036
58.092 169.311
59.4505 172.81
64.9319 162.239
66.6977 157.728
68.4155 153.438
67.2759 150.662
68.7843 146.672
73.148 141.456
73.8537 138.261
76.1894 134.408
77.6302 130.972
76.7379 129.466
78.619 126.276
80.4985 123
83.312 118.982
84.6843 116.158
84.9422 114.727
87.5377 110.854
88.8741 108.173
90.4356 105.887
91.6387 103.181
92.9134 100.678
94.326 98.3193
95.6561 95.9696
96.9566 93.5788
98.1757 91.2005
99.5502 88.9495
100.851 86.7071
102.125 84.4197
103.327 82.1438
104.699 79.9761
106.005 77.815
107.287 75.6041
108.731 73.5127
109.905 71.2878
111.302 69.0859
112.815 67.0765
113.876 64.7561
115.108 62.5392
116.519 60.4139
117.651 58.1788
118.966 56.0289
120.485 53.9193
121.493 51.6096
122.933 49.4343
124.334 47.2224
125.449 44.9248
127.006 42.7267
128.275 40.4449
129.753 38.1655
130.941 35.8136
132.579 33.5169
133.925 31.1499
135.237 28.7069
136.504 26.2247
137.965 23.7842
139.388 21.2594
140.977 18.9903
142.307 16.4104
143.842 13.7713
145.325 11.1184
146.759 8.41389
148.392 5.66822
149.973 2.82236
151.75 -0.0413834
153.221 -2.96708
154.884 -6.0008
156.987 -9.08619
158.779 -12.2348
160.752 -15.5229
162.91 -18.8763
165.4 -21.179
167.506 -25.922
169.936 -29.63
173.088 -31.8847
175.516 -37.6074
179.63 -38.6938
183.124 -42.5405
194.485 -47.7027
187.429 -48.0908
200.932 -55.6644
1068.47 -380.661
1029.07 -388.598
1022.64 -409.285
1014.07 -427.512
1003.42 -469.904
954.368 -470.966
976.572 -528.168
975.97 -551.475
964.835 -569.75
960.482 -592.917
951.803 -611.853
943.343 -635.171
933.629 -653.734
930.255 -677.81
923.362 -702.141
915.874 -722.828
904.21 -742.892
899.56 -768.297
889.003 -789.554
652.659 -631.988
633.433 -638.289
649.319 -678.657
609.341 -660.987
655.215 -738.148
631.996 -740.79
807.226 -1011.99
783.78 -1021.44
753.988 -1025.38
719.876 -1020.37
692.13 -1020.11
666.918 -1026.35
631.965 -1016.28
602.835 -1012.65
581.848 -1022.55
559.756 -1028.27
540.434 -1040.24
533.582 -1079.03
433.193 -923.718
409.285 -920.62
389.985 -924.35
372.009 -928.768
354.781 -940.296
344.88 -970.545
-137.026 107.237
-130.934 111.15
-128.038 112.968
-127.261 112.715
-122.334 116.599
-119.553 118.385
-116.364 120.828
-114.06 121.981
-111.376 123.764
-111.209 123.578
-109.991 124.664
-103.449 129.184
-100.75 131.3
-97.8924 132.823
-95.7409 134.689
-92.8545 136.695
-90.3269 138.677
-87.6634 140.376
-85.0574 142.261
-84.3294 142.984
-79.7656 145.865
-77.1982 147.804
-75.6453 149.166
-71.8877 151.566
-69.8507 154.164
-69.1453 153.385
-66.1276 157.696
-63.7611 157.32
-58.2607 161.301
-58.3349 162.337
-54.6035 164.684
-49.6975 167.273
-46.8489 169.65
-46.6222 172.304
-43.9117 171.725
-41.1179 176.781
-40.3955 175.409
-34.6241 179.695
-29.6773 184.124
-29.0938 185.988
-28.055 182.607
-25.8774 188.987
-15.8359 191.848
-10.8958 194.695
-9.88096 196.752
-8.87712 202.055
-6.64452 199.639
-2.45976 204.985
-1.58633 207.744
1.78587 211.242
9.85926 213.773
10.4824 216.997
17.8605 221.531
31.8304 228.292
35.3456 218.155
40.3174 210.168
44.3084 201.946
45.1993 194.569
50.2108 194.369
50.7217 187.252
56.1205 180.738
56.5728 171.405
60.4002 174.333
61.6734 165.641
62.6578 161.254
63.0597 157.064
68.282 151.58
70.8946 146.775
72.3662 142.699
73.9418 139.064
76.1169 135.31
77.1311 132.425
78.5459 128.963
80.089 125.942
81.5448 122.909
83.383 119.847
84.1503 117.161
84.8401 115.114
86.9335 111.646
88.4493 109.165
89.9018 106.667
91.1262 103.967
92.4485 101.444
93.8794 99.0904
95.254 96.7199
96.3934 94.1588
97.834 91.9325
99.0391 89.5182
100.565 87.4199
101.832 85.1635
103.072 82.8627
104.459 80.6988
105.6 78.3633
107.098 76.304
108.369 74.0456
109.553 71.8264
110.943 69.6616
112.252 67.5312
113.539 65.3452
114.8 63.1035
116.205 61.0169
117.588 58.8675
118.705 56.5798
120.006 54.3742
121.266 52.1393
122.716 49.9702
123.881 47.7085
125.499 45.5228
126.581 43.1997
127.87 40.8932
129.357 38.6244
130.803 36.3133
132.208 33.9606
133.319 31.5459
134.882 29.1702
136.403 26.7457
137.633 24.2298
139.065 21.7148
140.671 19.379
142.009 16.8078
143.552 14.1781
145.045 11.4949
146.486 8.79909
148.128 6.02225
149.715 3.22595
151.5 0.289206
154.982 -2.36701
152.977 -2.6285
156.776 -8.38777
158.553 -11.913
160.537 -15.1487
165.709 -18.6055
162.697 -18.537
167.301 -25.61
169.73 -29.3556
176.627 -31.989
172.321 -33.252
179.204 -38.2953
183.817 -39.4384
188.497 -42.5984
193.326 -51.2368
197.364 -55.43
1072.75 -380.541
1029.56 -389.424
1023.2 -408.541
1013.72 -428.341
1003.26 -470.83
1021.14 -502.878
976.648 -528.554
972.84 -550.406
966.052 -572.602
956.91 -592.515
950.714 -612.62
946.212 -636.728
932.967 -655.548
928.153 -678.994
920.974 -700.325
912.339 -722.463
905.34 -745.061
896.899 -766.024
888.357 -790.281
651.797 -632.877
629.746 -635.959
638.728 -669.413
608.067 -662.499
631.47 -740.582
831.261 -1042.7
786.732 -1030.52
762.16 -1037.67
727.534 -1033.02
699.693 -1036.73
676.949 -1044.28
651.129 -1046.46
619.559 -1041.39
586.848 -1032.65
564.524 -1039.05
540.564 -1043.27
525.319 -1059.41
435.993 -929.031
411.064 -925.301
389.83 -924.686
371.317 -928.506
355.108 -938.836
341.258 -962.015
345.557 -1029.03
-141.431 107.668
-133.017 109.043
-128.595 112.713
-125.866 114.642
-123.917 114.548
-124.373 115.159
-119.68 117.545
-118.149 118.731
-114.479 120.9
-109.514 125.083
-109.275 125.292
-105.604 127.753
-101.251 130.914
-98.584 132.623
-96.0345 134.48
-95.0417 135.184
-93.5914 136.495
-89.9105 138.947
-85.6773 141.889
-85.6515 142.196
-80.4409 145.493
-77.8424 147.466
-75.2382 149.371
-72.4815 151.006
-69.8556 153.063
-67.2195 155.057
-66.2026 157.394
-64.5326 157.005
-61.1544 160.226
-57.2013 163.799
-56.2123 162.82
-52.2008 166.509
-50.6964 168.279
-50.3383 169.43
-47.1198 171.909
-43.5936 174.641
-41.7255 176.125
-31.8814 179.948
-28.7131 182.252
-28.8349 184.004
-26.3235 188.42
-22.0461 186.703
-21.2667 190.819
-15.2035 195.911
-11.5943 193.904
-7.87681 199.094
-6.64782 201.39
-4.62841 204.448
-1.63902 207.244
2.81276 210.481
4.72121 213.698
11.4487 216.197
14.4704 220.776
32.7068 230.441
34.6658 220.036
41.3003 209.722
42.9888 201.976
44.9989 195.642
48.0713 189.498
50.5083 183.682
59.9798 176.064
59.5231 171.197
59.96 163.076
61.9837 166.059
67.2478 156.406
66.7457 149.803
68.8806 152.133
72.0735 143.967
73.5689 140.11
75.0629 136.468
76.6934 133.256
78.0637 129.84
79.6669 126.8
79.3501 124.93
82.3432 120.866
83.9442 118.23
85.177 115.176
86.6283 112.515
87.9789 109.865
89.4495 107.373
90.693 104.676
92.2007 102.343
93.454 99.8344
94.8464 97.4688
96.0045 94.9112
97.4618 92.6901
98.6601 90.3064
100.015 88.0489
101.319 85.773
103.108 83.2164
103.951 81.3524
105.307 79.1743
106.617 76.9743
107.882 74.7532
109.101 72.5121
110.484 70.3862
111.826 68.234
113.108 66.0869
114.367 63.8847
115.803 61.7761
116.977 59.5225
118.333 57.3555
119.406 55.0863
120.908 52.9648
122.359 50.8391
123.785 48.6434
124.704 46.2377
126.272 44.0961
127.577 41.7988
128.841 39.4674
130.302 37.1712
131.713 34.8691
133.092 32.4904
134.428 30.0712
135.72 27.6125
137.205 25.1974
138.654 22.6978
140.047 20.2278
141.4 17.6749
143.207 15.0912
144.714 12.4621
146.176 9.74102
147.586 6.96803
149.191 4.19172
150.744 1.31553
154.494 -1.34825
152.242 -1.57772
156.062 -7.66682
157.879 -10.8237
159.885 -14.0321
162.328 -14.782
164.603 -17.2097
167.396 -19.2574
170.225 -22.8357
171.698 -31.1448
175.265 -32.4835
182.53 -38.2779
186.683 -41.5468
177.523 -40.1185
191.182 -49.5543
196.496 -51.9622
1035.94 -383.786
1025.54 -403.325
1016.15 -421.879
1036.19 -453.912
1013.09 -465.701
984.201 -523.998
966.848 -563.849
961.566 -584.929
954.629 -607.434
946.647 -628.43
939.264 -650.453
930.835 -669.335
924.127 -692.83
916.65 -715.361
907.681 -736.666
900.38 -758.442
894.955 -783.56
917.429 -836.078
669.594 -638.901
654.26 -650.346
632.683 -653.377
609.334 -654.861
611.475 -681.351
632.798 -733.184
637.668 -765.437
804.143 -997.475
807.033 -1041.71
765.555 -1029.88
734.404 -1027.22
704.471 -1025.61
676.627 -1028.96
652.611 -1034.33
629.616 -1045.27
601.771 -1044.27
571.433 -1035.55
544.204 -1035.73
523.387 -1043.33
499.818 -1045.69
421.176 -930.905
396.411 -924.061
376.094 -925.772
356.47 -932.434
339.626 -941.092
328.568 -968.799
-133.787 108.097
-128.78 112.503
-126.053 114.436
-124.812 114.683
-120.344 117.939
-117.512 119.712
-117.207 119.661
-112.016 123.185
-111.714 123.46
-110.195 124.484
-106.75 126.797
-101.393 130.804
-98.7286 132.515
-96.1445 134.402
-94.1861 136.085
-93.5243 136.238
-89.8726 138.972
-85.7934 141.819
-83.1959 143.647
-80.5203 145.449
-80.2846 146.15
-75.3197 149.33
-74.1132 151.326
-72.5638 150.966
-67.3041 155.02
-64.6182 156.97
-64.0715 159.082
-61.839 158.89
-56.2567 162.804
-53.4473 164.8
-52.0645 166.552
-52.3002 167.788
-49.6911 169.621
-41.27 173.15
-41.4853 176.182
-40.1961 175.198
-32.372 179.86
-32.0876 181.688
-27.8811 184.151
-23.4711 186.529
-22.4645 188.919
-21.2667 190.819
-14.8829 195.936
-13.9729 193.747
-10.5907 198.968
-6.97733 201.379
-4.62841 204.448
0.861072 210.498
2.31442 206.987
8.50828 213.581
10.7535 216.483
12.9796 221.119
34.1148 229.984
38.1325 218.701
44.7349 204.156
43.829 198.468
49.299 188.924
50.2578 183.751
54.3565 177.619
55.3508 172.592
59.1217 167.099
65.6517 160.599
67.3619 156.084
66.9701 149.429
69.1709 152.001
68.3995 145.748
70.688 141.585
75.2024 136.106
76.8225 132.893
78.3468 129.669
79.9433 126.626
81.2797 123.384
82.475 120.776
83.9282 117.935
85.3025 115.083
86.5983 112.222
88.1287 109.745
89.4063 107.083
90.8072 104.577
92.1447 102.057
93.5901 99.7069
94.8046 97.1605
96.108 94.8064
97.3815 92.4116
98.7832 90.1718
100.323 88.0774
101.436 85.6347
102.881 83.4972
104.084 81.1822
105.436 79.0019
106.722 76.8288
107.984 74.6061
109.2 72.3633
110.58 70.2355
112.252 67.5312
113.252 65.84
114.506 63.635
115.937 61.5233
117.107 59.2671
118.457 57.0972
119.768 54.8973
121.038 52.6679
122.252 50.4432
123.671 48.2486
125.052 46.0178
126.392 43.7516
127.691 41.4507
128.948 39.1159
130.393 36.8513
132.049 34.5731
133.18 32.1273
134.509 29.7045
136.039 27.2914
137.526 24.8301
138.722 22.2817
140.36 19.8043
141.705 17.2423
143.256 14.6224
144.758 11.9489
146.209 9.22273
147.859 6.45567
149.455 3.66891
151.248 0.78369
152.735 -2.16604
154.413 -5.18143
156.281 -8.27582
158.336 -11.4625
160.573 -11.7125
165.277 -17.9639
162.533 -17.7554
167.116 -25.1621
169.555 -28.8969
176.431 -30.2173
171.92 -32.6886
178.859 -37.5082
183.231 -39.7833
187.44 -42.7358
198.087 -52.7879
191.608 -52.8002
1031.11 -387.441
1024.68 -406.863
1013.84 -426.115
1000.36 -465.814
988.24 -483.666
978.603 -526.51
980.221 -551.059
967.394 -569.839
957.566 -588.595
951.128 -611.053
944.656 -632.318
935.161 -653.288
929.43 -676.82
924.866 -698.916
916.466 -720.46
904.273 -740.056
898.495 -765.694
890.051 -788.749
675.462 -652.642
631.651 -634.068
631.205 -657.927
610.041 -661.022
631.873 -740.237
792.185 -994.243
792.37 -1034.39
791.441 -1073.24
715.264 -1013.83
688.347 -1015.73
660.642 -1017.91
636.748 -1022.73
612.273 -1029.14
588.683 -1033.9
562.061 -1033.84
533.799 -1026.78
509.215 -1026.93
487.035 -1032.66
409.948 -922.788
384.628 -913.042
363.612 -909.24
343.428 -911.713
330.145 -929.882
316.924 -949.769
-136.245 106.207
-129.763 111.75
-127.048 113.706
-124.274 115.634
-122.234 115.616
-121.325 117.29
-115.861 120.964
-113.723 121.953
-113.192 122.786
-108.974 125.222
-107.902 126.476
-105.549 127.474
-102.956 129.578
-97.315 133.866
-95.9245 134.559
-91.9578 137.3
-90.115 138.517
-89.9325 139.231
-84.1245 142.815
-81.6285 144.83
-78.9277 146.604
-76.3435 148.528
-73.5634 150.203
-72.7646 151.702
-68.7729 154.921
-68.2832 154.044
-67.2184 156.691
-60.1475 160.073
-57.4372 163.187
-56.7068 162.383
-56.4156 164.865
-50.8464 169.278
-48.8565 168.302
-44.5344 173.372
-43.9267 171.979
-41.3228 175.706
-39.4946 177.919
-29.9407 181.041
-29.483 185.168
-27.9588 187.426
-26.682 183.318
-16.9283 190.499
-13.4951 195.284
-12.9547 192.815
-12.4266 197.86
-6.39623 200.398
-4.60012 203.198
-3.20589 206.225
2.27979 208.988
7.74677 215.111
8.20754 211.841
14.1606 218.792
16.9615 224.109
34.0144 223.426
37.4054 213.498
41.635 208.126
43.6556 201.065
47.0999 191.802
57.2104 183.54
56.8426 178.414
59.1069 173.192
63.0103 167.276
64.8919 162.524
66.6227 158.031
65.487 154.982
69.9766 149.426
71.4215 145.128
71.8101 139.615
73.0708 141.496
76.1528 134.428
77.7219 131.208
79.0636 127.765
80.607 124.719
79.9274 123.372
83.312 118.982
83.6852 117.187
86.1616 113.501
87.413 110.634
88.9036 108.149
90.3309 105.647
91.695 103.131
92.9957 100.602
94.3796 98.2678
95.7345 95.8913
96.8531 93.326
98.2751 91.0934
99.6471 88.8409
100.969 86.5695
102.24 84.2804
103.461 81.9746
104.83 79.8047
106.132 77.6415
107.411 75.4284
108.644 73.195
110.041 71.0778
111.434 68.8733
112.746 66.7029
114.017 64.5075
115.244 62.2879
116.651 60.1596
117.778 57.9219
119.104 55.7368
120.389 53.5219
122.094 51.4724
123.067 49.0989
124.463 46.8832
125.818 44.6318
127.133 42.3455
128.396 40.06
129.867 37.776
131.298 35.4501
132.688 33.0828
134.035 30.675
135.338 28.2273
137.087 25.8332
138.301 23.2988
139.716 20.7638
141.053 18.4135
142.626 15.8169
144.15 13.1662
145.625 10.4625
147.046 7.74657
148.668 4.94805
150.235 2.13059
151.998 -0.829027
153.704 -3.77321
155.638 -5.9025
157.185 -9.95809
158.959 -13.1212
161.411 -16.4756
163.549 -19.855
169.119 -21.6553
166.105 -23.4369
174.596 -29.0706
170.739 -30.8266
177.786 -32.5997
184.782 -42.0238
190.369 -44.4972
179.853 -43.3345
195.683 -51.1198
203.434 -55.0456
1060.39 -384.642
1028.39 -396.694
1025.49 -416.928
1013.77 -435.876
998.649 -475.328
992.861 -520.988
971.269 -534.236
971.144 -558.926
962.599 -578.388
956.254 -599.712
947.312 -619.24
937.196 -641.111
938.503 -666.343
924.852 -684.745
921.307 -708.942
910.901 -731.484
903.872 -754.666
898.247 -778.257
896.149 -805.569
649.584 -637.648
626.969 -641.148
652.553 -691.792
605.075 -667.597
639.488 -732.01
634.361 -755.165
810 -993.047
795.152 -1012.62
790.859 -1046.53
735.862 -1016.32
676.784 -977.287
648.181 -975.245
627.297 -985.252
604.47 -990.645
584.105 -1002.21
561.243 -1008.61
537.703 -1010.61
513.787 -1011.77
490.717 -1015.95
470.016 -1023.21
393.573 -909.222
366.885 -894.698
348.937 -897.291
329.975 -901.242
313.119 -908.558
303.846 -937.753
-139.675 109.126
-133.017 109.043
-131.472 109.344
-125.584 114.951
-122.642 116.638
-119.828 118.463
-118.65 118.585
-114.597 121.82
-111.31 123.487
-108.735 125.43
-106.286 127.512
-105.827 127.243
-101.56 130.357
-100.965 131.135
-95.7042 134.716
-93.078 136.543
-92.4716 137.256
-88.5613 140.107
-87.8929 140.232
-84.3486 143.553
-82.5616 143.724
-79.0043 147.13
-76.7821 148.584
-72.1356 151.448
-69.438 153.253
-66.7541 155.258
-64.0613 157.198
-61.3652 159.342
-60.4548 161.559
-58.5246 161.205
-58.4504 163.358
-52.6037 167.955
-50.3814 167.069
-47.5077 170.765
-42.2258 173.176
-37.7601 175.995
-36.7165 177.492
-36.4843 179.326
-35.6958 181.524
-30.2295 184.034
-21.7395 191.269
-20.6708 186.86
-19.9643 189.451
-19.5367 194.019
-15.905 196.608
-8.87712 202.055
-8.00544 199.59
-1.84484 204.992
1.75417 207.493
2.41668 210.986
7.06021 213.884
10.66 216.988
17.6593 221.297
34.3187 227.931
35.7216 217.841
40.2332 209.42
46.1769 201.014
47.4183 193.783
52.0642 187.143
50.7911 182.566
57.6177 175.536
60.8595 165.942
62.3356 169.395
65.9862 159.921
67.6152 155.157
66.4999 152.371
70.8546 146.794
72.4403 142.942
73.9038 139.084
75.5258 135.641
77.0053 132.209
78.6407 129.198
80.089 125.942
81.5448 122.909
82.7937 120.255
84.2321 117.41
85.442 114.356
87.0261 111.891
88.4195 109.189
89.8436 106.716
91.0695 104.016
92.3931 101.494
93.8253 99.1416
95.1748 96.7978
96.5208 94.3861
97.7587 92.0125
98.9659 89.5992
100.517 87.4747
101.809 85.1913
103.049 82.8908
104.415 80.7557
105.558 78.4208
107.056 76.3624
108.308 74.1342
109.514 71.8862
110.924 69.6919
112.234 67.5618
113.521 65.3762
114.765 63.1661
116.188 61.0485
117.572 58.8996
118.69 56.6122
119.991 54.4069
121.252 52.1723
122.471 49.9093
123.881 47.7085
125.486 45.557
126.57 43.2342
128.097 41.0042
129.346 38.6597
130.793 36.349
132.199 33.9966
133.562 31.6035
134.882 29.1702
136.403 26.7457
137.633 24.2298
139.065 21.7148
140.671 19.379
142.013 16.7691
143.555 14.139
145.048 11.4554
146.488 8.75914
148.129 5.98186
149.897 5.56196
151.5 0.247891
152.977 -2.67022
154.645 -5.69592
156.752 -8.81527
158.55 -11.9562
160.524 -15.28
162.687 -18.6258
167.814 -22
165.022 -22.1377
169.714 -29.4482
176.583 -32.2298
172.303 -33.346
188.03 -43.5181
182.602 -42.5768
178.44 -41.7091
193.913 -48.9663
200.16 -56.5688
1030.45 -388.477
1023.9 -408.819
1013.15 -427.124
1002.97 -469.691
988.517 -484.804
976.124 -526.894
975.166 -551.372
966.46 -571.421
957.504 -591.078
952.563 -613.444
943.447 -634.12
933.45 -653.988
930.018 -676.861
923.745 -701.637
915.676 -723.482
902.472 -741.464
898.629 -767.078
892.67 -791.071
678.299 -631.487
654.635 -633.901
699.639 -700.785
624.08 -652.635
602.488 -656.421
608.746 -685.797
631.509 -740.22
798.922 -1003.26
696.451 -950.383
654.474 -930.36
628.341 -930.459
610.194 -941.864
587.493 -946.492
569.174 -959.074
552.563 -970.466
530.958 -977.904
508.974 -983.617
486.882 -985.265
463.727 -985.331
442.935 -992.662
384.899 -910.215
358.764 -900.677
340.291 -904.88
321.623 -908.235
309.848 -926.038
-136.616 106.137
-130.782 111.329
-128.513 111.285
-127.884 113.142
-122.175 116.766
-119.392 118.548
-116.726 120.478
-113.894 122.136
-111.208 123.916
-109.548 125.053
-106.042 127.715
-105.236 127.733
-100.786 131.272
-97.9286 132.797
-95.5204 134.846
-94.3655 136.265
-92.929 136.645
-87.7782 140.304
-87.3737 140.851
-86.5417 141.656
-83.6037 143.988
-77.6815 147.551
-74.749 149.617
-72.053 151.487
-69.3544 153.291
-66.7117 155.276
-64.0184 157.215
-61.3652 159.342
-59.4845 161.919
-58.5246 161.205
-56.7097 163.97
-53.1073 167.796
-50.0624 167.165
-44.2705 171.374
-40.7603 173.527
-37.7601 175.995
-37.2971 177.371
-35.5057 179.523
-31.1826 183.875
-30.2441 182.258
-25.7583 186.227
-23.7317 189.016
-23.1472 191.103
-17.5026 193.962
-14.1707 196.49
-10.9843 199.197
-6.931 201.631
-4.2433 204.706
-2.3766 207.486
2.75863 210.732
5.0768 213.94
9.58365 216.788
15.9511 221.176
32.2186 229.247
37.2728 218.341
39.8259 211.025
43.6424 202.603
44.5164 195.496
45.2767 196.604
53.1697 187.351
52.6395 182.823
54.4534 177.589
59.0383 166.864
61.1712 170.084
65.6009 160.35
67.3054 155.837
68.2993 152.395
68.5723 148.425
68.888 145.241
73.6815 139.768
75.1653 136.127
76.7862 132.914
78.3114 129.69
79.8742 126.67
81.2124 123.429
82.5408 120.731
83.9603 117.912
85.3339 115.059
86.751 112.42
88.1287 109.745
89.4355 107.059
90.8072 104.577
92.3122 102.242
93.5629 99.7324
94.9526 97.3653
96.108 94.8064
97.5376 92.6103
98.7586 90.1987
100.111 87.9398
101.205 86.2938
102.835 83.5533
104.017 81.2673
105.171 78.9381
106.477 76.7409
107.943 74.665
109.14 72.4526
110.523 70.326
112.141 67.7148
113.144 66.0252
114.166 63.7316
115.82 61.7445
116.977 59.5225
118.333 57.3555
119.421 55.0538
120.908 52.9648
122.359 50.8391
123.553 48.552
124.691 46.2717
126.036 44.0137
127.566 41.8336
128.591 39.4292
130.292 37.2068
131.703 34.9051
133.083 32.5267
134.411 30.1445
135.704 27.6865
137.192 25.2722
138.642 22.7734
140.294 20.2636
141.39 17.752
142.946 15.1819
144.381 13.3859
145.918 9.84378
147.447 9.46227
149.188 4.31377
150.743 1.47996
152.243 -1.45317
153.937 -4.40908
155.82 -7.48459
158.055 -7.85117
160.182 -10.1041
162.511 -12.6116
164.755 -15.6828
166.261 -24.1068
168.724 -27.8091
175.344 -29.146
171.358 -31.6144
181.456 -39.709
177.262 -38.9938
185.641 -42.7519
190.356 -47.7368
206.617 -55.7254
196.46 -55.8705
1049.17 -384.784
1030.66 -399.832
1019.49 -417.732
1020.48 -442.396
1000.58 -478.256
988.531 -520.091
959.455 -530.809
974.611 -560.922
961.809 -579.7
956.424 -602.73
946.168 -621.442
937.815 -641.535
936.983 -667.187
925.281 -685.844
918.37 -709.477
910.71 -730.922
904.695 -753.68
897.09 -777.684
894.83 -807.035
685.955 -645.988
650.641 -637.642
628.892 -641.014
656.535 -695.253
599.186 -661.462
633.04 -725.029
633.955 -750.932
817.209 -999.102
1216.39 -1531.78
807.579 -1068.05
728.493 -1004.99
638.647 -920.07
621.638 -932.548
597.679 -935.35
578.428 -948.547
562.165 -959.145
542.898 -968.175
521.626 -977.816
503.147 -985.487
482.712 -991.765
466.401 -1008.09
410.422 -937.606
383.57 -924.594
362.584 -924.167
341.437 -924.729
326.679 -939.579
313.947 -957.337
-135.192 110.333
-130.934 111.15
-128.038 112.968
-126.27 112.7
-125.306 114.885
-121.972 116.254
-119.037 118.196
-117.26 119.259
-111.277 123.517
-108.735 125.43
-106.485 126.693
-106.321 127.483
-101 131.107
-99.6298 131.839
-95.7776 134.663
-95.6674 134.742
-90.7048 138.43
-88.0458 140.136
-87.7574 140.612
-82.7575 143.611
-80.2425 145.603
-77.6815 147.551
-75.953 149.57
-75.4011 149.289
-74.6493 151.062
-70.2509 153.707
-65.8161 157.556
-64.4041 157.058
-62.0709 159.873
-56.7544 163.955
-56.1235 162.85
-52.5185 166.409
-51.6134 168
-50.5693 169.361
-47.7758 171.728
-42.6288 174.622
-38.2431 178.959
-35.1659 177.296
-34.6608 181.215
-30.9906 183.654
-26.7736 186.084
-22.435 188.671
-20.5113 190.65
-17.2244 193.234
-14.5623 195.96
-9.00555 198.796
-8.2952 201.329
-6.51586 204.146
0.676587 206.749
5.04515 210.189
7.68379 213.362
9.79749 216.278
13.9413 220.059
20.0353 226.867
31.69 232.853
36.7268 220.208
41.0325 209.265
42.5516 201.813
48.3595 190.198
53.0176 178.805
55.8928 182.639
58.4001 168.412
61.5097 171.025
62.1507 159.306
65.3689 161.794
65.9097 153.988
70.2664 148.461
71.7919 144.387
71.6431 141.945
74.773 136.912
76.2933 133.486
77.8375 130.267
79.3838 127.272
80.8783 124.245
82.0542 121.365
83.4922 118.55
85.0324 115.903
86.3191 113.067
87.7144 110.396
89.0095 107.738
90.5899 105.425
91.7532 102.744
93.215 100.399
94.5937 98.0617
95.7665 95.5057
97.031 93.1409
98.4488 90.9056
99.4045 89.1123
101.11 86.4042
102.355 84.1409
103.573 81.8334
104.917 79.6903
106.238 77.4967
107.514 75.2819
108.724 73.0765
110.099 70.9878
111.49 68.7821
112.801 66.6106
114.069 64.4142
115.278 62.2251
116.667 60.1278
117.809 57.8577
119.134 55.6718
120.403 53.4891
122.094 51.4724
123.067 49.0989
124.45 46.9171
125.806 44.6662
127.122 42.3802
128.385 40.095
129.857 37.8115
131.123 36.0942
132.67 33.1552
134.01 30.7846
135.315 28.338
136.813 25.9362
138.276 23.4497
139.693 20.9162
141.038 18.5289
142.613 15.9336
144.136 13.3235
145.61 10.661
147.038 7.90697
148.661 5.15076
150.241 1.67991
151.999 -0.580321
153.46 -3.51599
155.454 -3.77377
157.204 -9.65802
158.735 -12.7977
161.194 -16.1426
163.422 -18.8002
168.503 -22.5112
165.66 -23.0057
170.735 -27.9016
173.819 -30.6489
181.043 -35.5499
176.425 -35.6938
184.751 -39.8497
189.294 -45.7733
194.632 -51.1856
199.033 -55.9575
1071.92 -382.88
1030.69 -392.1
1022.77 -410.958
1013.94 -430.39
1002.39 -472.092
981.933 -533.493
974.915 -553.337
968.691 -574.524
957.861 -593.827
951.138 -614.73
943.758 -635.45
933.938 -655.47
928.774 -679.838
923.554 -701.889
914.104 -723.455
909.415 -747.584
896.043 -767.409
888.198 -789.706
679.752 -632.494
653.722 -632.327
630.971 -636.154
653.107 -682.99
601.662 -654.804
600.44 -679.794
631.632 -740.772
818.918 -1026.64
1233.49 -1593.97
684.334 -933.848
656.985 -935.012
635.454 -940.438
612.287 -947.358
589.221 -951.01
575.205 -966.832
550.481 -970.499
529.444 -977.019
508.744 -983.173
491.189 -992.618
462.383 -985.963
443.275 -994.153
385.709 -914.215
363.675 -908.676
343.019 -912.134
325.211 -916.777
311.99 -932.439
-135.078 107.687
-129.794 111.714
-127.079 113.672
-124.337 115.566
-121.389 117.224
-118.632 118.956
-115.993 120.838
-114.922 121.169
-110.632 124.43
-109.446 125.143
-105.325 127.983
-102.743 129.746
-102.673 129.802
-100.068 131.82
-94.8942 135.287
-92.2945 137.074
-89.6612 138.811
-87.1268 140.71
-84.5525 142.562
-82.3045 144.735
-81.9392 144.367
-81.0429 146.017
-76.3021 149.953
-74.1364 149.921
-72.3163 152.469
-66.2162 155.759
-64.1442 158.513
-63.4177 157.459
-57.9967 161.396
-56.0191 163.415
-52.4735 165.637
-49.586 167.567
-48.3737 169.222
-46.1274 171.402
-40.3435 173.881
-38.0748 177.461
-37.3281 176.087
-31.8268 180.211
-30.5919 182.2
-28.5357 186.075
-24.5448 184.878
-25.1042 189.091
-21.0363 191.599
-16.1195 196.59
-14.7693 194.44
-9.91008 199.504
-6.05866 201.909
-5.08684 204.937
0.339521 207.5
4.25272 210.707
6.18524 213.911
11.8296 216.677
17.3983 221.066
34.8421 228.863
36.8559 218.412
39.7108 211.046
42.1494 202.919
46.2412 196.379
46.8058 194.96
50.4183 188.369
51.5417 183.135
53.2182 177.702
56.2443 172.302
61.381 162.279
62.9803 165.416
66.3389 156.522
68.2993 152.395
69.406 148.313
72.1128 143.947
73.5689 140.11
75.0257 136.489
76.5324 133.06
76.1615 131.254
79.5977 126.843
79.1455 125.06
82.2773 120.911
83.8797 118.276
85.2312 115.447
86.5056 112.609
87.889 109.937
89.3323 107.47
90.7137 104.989
92.0331 102.494
93.3178 99.9617
94.6867 97.6239
95.8232 95.0943
97.2847 92.8759
98.4875 90.4946
99.8465 88.2397
101.132 85.9938
102.561 83.8894
103.751 81.6073
105.112 79.4325
106.205 77.1179
107.657 75.0765
108.883 72.8391
110.253 70.7474
111.621 68.5691
112.928 66.3952
113.957 64.1049
115.38 62.0363
116.559 59.7908
117.904 57.6649
119.21 55.5093
120.491 53.292
121.947 51.1758
123.38 48.9897
124.527 46.7134
125.867 44.4946
127.168 42.2415
128.439 39.9199
129.898 37.6698
131.327 35.3427
132.706 33.0104
134.043 30.6384
135.59 28.2414
136.842 25.7869
138.295 23.3365
139.71 20.8019
141.058 18.375
142.626 15.8169
143.897 13.1827
145.619 10.5419
147.042 7.82677
148.665 5.02913
150.234 2.21253
151.999 -0.663223
153.708 -3.60555
155.357 -6.65572
157.198 -9.74376
161.736 -12.9064
158.977 -12.9045
163.085 -19.5279
165.648 -23.096
168.365 -23.5217
171.11 -27.1489
174.475 -28.2685
176.589 -34.8755
180.299 -39.1468
184.419 -41.3598
188.211 -49.0583
199.332 -53.9355
193.857 -54.0461
1072.52 -383.425
1030.13 -392.854
1022.22 -413.004
1013.82 -430.667
1003.33 -471.864
984.203 -535.074
975.331 -554.628
966.169 -573.384
958.236 -593.697
953.195 -615.692
944.761 -635.751
930.69 -653.569
928.943 -679.184
920.998 -701.533
912.341 -721.251
906.487 -746.421
898.039 -766.998
888.17 -790.115
674.137 -628.986
653.543 -632.153
623.375 -626.785
630.667 -658.443
604.876 -658.302
601.201 -678.788
634.508 -741.274
798.884 -1002.65
783.197 -1021.26
694.857 -944.421
654.262 -928.981
635.778 -938.709
611.202 -945.679
588.543 -947.606
568.292 -956.4
551.078 -967.859
533.101 -979.3
511.927 -986.028
488.384 -988.984
465.381 -988.145
448.171 -998.536
382.166 -905.127
359.686 -900.847
339.689 -900.298
322.613 -907.884
309.12 -924.7
-136.332 106.095
-133.504 108.049
-130.021 110.681
-128.665 111.11
-121.867 116.726
-121.315 116.579
-118.358 118.876
-117.195 119.323
-113.257 122.387
-108.59 125.886
-106.008 127.743
-105.744 127.638
-102.176 130.193
-97.7837 132.904
-95.3732 134.95
-92.7799 136.746
-91.8978 137.942
-90.2891 138.702
-85.8065 142.103
-85.0574 142.261
-84.3877 143.53
-81.003 146.039
-74.5558 149.434
-72.0117 151.507
-69.3126 153.31
-66.6694 155.294
-66.2996 157.624
-63.9756 157.233
-60.5429 161.526
-58.5246 161.205
-55.5905 164.353
-50.0624 167.165
-50.2373 168.417
-49.298 169.996
-45.9936 172.214
-41.0171 175.264
-38.5489 176.847
-37.6572 179.084
-35.3509 181.336
-31.4412 183.577
-26.118 188.449
-23.878 186.477
-20.3819 190.915
-15.5575 193.626
-15.5241 195.886
-11.296 198.93
-9.28336 201.286
-1.671 204.243
1.03329 210.497
1.80421 206.742
8.86394 216.569
9.02189 213.309
13.7013 220.074
19.1071 226.947
32.3883 232.757
36.2267 220.544
